k = 2
0.471552,0.622459,0.081806,0.125959,
k = 3
0.693425,0.840550,0.227448,0.349490,0.059205,0.091823,
5.547396,6.724400,11.094792,13.448799,22.189584,26.897598,1.819588,2.795922,3.639175,5.591844,7.278350,11.183689,0.473637,0.734580,0.947273,1.469160,1.894547,2.938320,
k = 4
0.885211,0.936983,0.176819,0.262513,0.051203,0.080275,0.388679,0.616803,
k = 5
0.802552,1.034161,0.266890,0.588258,0.047079,0.074630,0.638201,0.427708,0.155217,0.223255,
k = 6
0.946614,0.979540,0.204901,0.464673,0.042448,0.068319,0.533279,0.313352,0.131977,0.185039,0.430111,0.820914,
k = 7
1.037563,0.982094,0.182747,0.362042,0.039584,0.065233,0.559580,0.328384,0.123532,0.160590,0.564783,0.923065,0.293568,0.690049,
k = 8
1.024346,1.051108,0.144030,0.397441,0.037292,0.060359,0.718709,0.437657,0.303355,0.225508,0.528147,0.977401,0.297557,0.648169,0.102205,0.151976,
k = 9
0.999691,1.116455,0.138282,0.349215,0.090265,0.142416,0.872652,0.495714,0.394080,0.398266,0.497197,0.930355,0.238230,0.683046,0.275814,0.177888,0.035564,0.056748,
