k = 2
0.139253,0.203544,0.037695,0.094078,
k = 3
0.083996,0.161290,0.030225,0.083369,0.210017,0.242086,
0.671970,1.290317,1.343941,2.580635,2.687881,5.161270,0.241800,0.666954,0.483599,1.333909,0.967198,2.667817,1.680139,1.936684,3.360277,3.873368,6.720555,7.746736,
k = 4
0.089372,0.104991,0.028416,0.082337,0.209257,0.237386,0.073542,0.200012,
k = 5
0.084412,0.097272,0.027227,0.077387,0.124732,0.202154,0.049283,0.175909,0.257946,0.254916,
k = 6
0.040510,0.098728,0.022748,0.072355,0.132421,0.211729,0.056759,0.195031,0.264288,0.255987,0.096990,0.106027,
k = 7
0.078343,0.089384,0.026004,0.073474,0.144498,0.277273,0.040599,0.146397,0.292140,0.273618,0.152403,0.149062,0.077155,0.208139,
k = 8
0.072203,0.082550,0.024949,0.069937,0.200231,0.174511,0.059571,0.199092,0.291105,0.297042,0.111955,0.143226,0.121816,0.265935,0.035131,0.126950,
k = 9
0.091246,0.105549,0.021478,0.069068,0.160461,0.296751,0.052287,0.187549,0.302446,0.271989,0.173848,0.154462,0.099565,0.215314,0.031759,0.114823,0.049359,0.064537,
