k = 2
0.533511,0.626045,0.121468,0.205266,
k = 3
0.273061,0.434957,0.091142,0.158661,0.697181,0.715889,
2.184488,3.479655,4.368976,6.959310,8.737952,13.918619,0.729137,1.269289,1.458274,2.538578,2.916548,5.077156,5.577445,5.727110,11.154891,11.454220,22.309781,22.908439,
k = 4
0.206055,0.365122,0.082333,0.138968,0.800802,0.746170,0.423505,0.580077,
k = 5
0.185697,0.306092,0.074911,0.129219,0.306758,0.638001,0.575318,0.386668,0.760518,0.796525,
k = 6
0.131711,0.304267,0.072537,0.112990,0.308180,0.661720,0.655827,0.449925,0.765675,0.825719,0.302789,0.297755,
k = 7
0.116953,0.274258,0.067258,0.104603,0.424528,0.739132,0.611869,0.408617,0.822451,0.803495,0.229962,0.532361,0.283175,0.231822,
k = 8
0.098808,0.287201,0.062458,0.100838,0.418528,0.736253,0.386457,0.332949,0.736542,0.472934,0.212310,0.526755,0.199322,0.190136,0.820855,0.845589,
k = 9
0.089085,0.271968,0.058538,0.096072,0.487752,0.756644,0.398553,0.329118,0.749538,0.465059,0.264291,0.641327,0.183715,0.156313,0.854381,0.844688,0.184543,0.379247,
